6475872529 0100000000
2437806646 0100000010
5186662595 0000000000
5936870826 0000000000
2019904730 0000000100
3127306024 0000000000
5070158710 0000000100
9630871728 0000000100
6069625132 0000000001
9432403169 0100000000
2480819438 0100010000
0452536092 0100000001
1110819873 0000010000
9514188491 0000000000
8974048677 0000000000
5891888566 0000000000
4320780994 1000000000
5552175461 0000000000
9752653908 0000000000
1375051934 0000000000
1150639698 0000000000
0170854507 0000000000
5459038478 0100000000
4458150242 1100000011
8403822698 0101000000
5333514440 0001010010
6570775035 0000000000
1692606849 0000000010
0066585774 0000000100
2959871628 0000000000
2703340706 0001000100
0984093732 0000000101
0475860411 0100000000
2984473135 0000000000
8127698741 0000000110
3127999020 0000000000
6218360939 0000000000
1012541542 0000000011
9131914217 0000010000
8629842581 0000000000
5107811337 0000010000
0789492396 0000000000
1560070461 0000000000
2530513063 0000010000
4329839562 1000000001
0882371491 0000000000
3896311590 0000010000
3596136226 0000000000
9986725689 0000000000
3380371304 0000000000
